reading values from the .bin file...
-42.8648        -42.7514        -41.2899        -39.9743        -43.7719        -45.192         -40.9733        -44.1778        -43.1228        -40.1942       
-53.4194        -44.4263        -47.4443        -41.3274        -39.9558        -42.7871        -42.8796        -40.2625        -47.184         -42.7847       
-41.788         -44.9983        -41.5859        -41.2465        -40.4805        -42.7761        -40.5043        -40.4814        -41.5318        -40.5478       
-40.2444        -43.8738        -37.9859        -41.9879        -49.5255        -41.7345        -41.8358        -41.0872        -47.4658        -41.7147       
-44.5339        -42.4172        -42.7691        -41.9877        -40.126         -40.3679        -51.4709        -41.123         -45.3435        -42.8922       
-39.1727        -47.3452        -39.2178        -46.0906        -39.9849        -41.9522        -42.3           -40.6552        -43.9317        -42.4376       
-44.2741        -48.8182        -41.4508        -47.8155        -46.0723        -37.1651        -46.4653        -39.7399        -44.8489        -42.2506       
-43.1118        -43.2681        -41.3966        -40.0433        -41.7548        -43.5527        -39.8191        -45.616         -40.0461        -44.1824       
-41.5255        -44.1785        -45.783         -44.6229        -43.7872        -42.0325        -39.1395        -43.5822        -43.3662        -45.7939       
-42.1059        -46.3811        -40.582         -46.1234        -44.3373        -43.5195        -40.3867        -43.1189        -43.1876        -41.3651       
-45.1908        -39.5971        -43.51          -42.8978        -41.3808        -44.0544        -42.1737        -52.7048        -49.8727        -44.7957       
-41.1302        -44.8907        -41.8228        -49.2785        -43.453         -41.149         -43.0908        -40.47          -43.1614        -45.9028       
-42.0708        -41.6504        -44.3988        -42.0449        -41.9758        -46.3147        -41.6371        -42.7325        -42.3176        -39.9029       
-40.1097        -41.6576        -43.5853        -47.3659        -43.1463        -41.8121        -39.1912        -45.3118        -44.371         -43.2119       
-45.2763        -41.541         -47.3076        -40.698         -40.9887        -42.1041        -44.1849        -44.0216        -43.7487        -45.4586       
-41.4679        -44.6609        -40.0719        -44.9115        -46.1185        -44.1379        -42.3247        -42.2518        -43.9691        -41.3523       
-41.5484        -42.4806        -45.3262        -38.8176        -43.1734        -42.7556        -44.4172        -41.4326        -43.1275        -40.214       
-42.303         -41.5829        -49.1675        -40.8529        -49.0527        -41.0361        -41.5285        -39.3122        -44.3575        -40.9111       
-43.1109        -44.4361        -40.6721        -45.122         -43.1919        -39.3951        -45.071         -43.3322        -44.03          -44.4475       
-44.5448        -42.2566        -43.0207        -41.3699        -39.9429        -47.4215        -43.4658        -42.8113        -40.9752        -39.8171       
-47.9968        -42.2783        -41.5069        -46.2101        -41.7991        -39.2847        -41.1135        -40.5152        -44.0695        -40.546       
-46.8531        -51.6323        -42.5286        -42.6305        -44.5074        -45.6897        -40.2665        -41.5981        -41.9911        -41.4028       
-43.6148        -44.5105        -39.8409        -41.3859        -45.1051        -43.909         -44.2665        -44.0209        -40.6387        -51.9345       
-44.832         -43.1345        -42.0087        -40.9252        -41.7271        -43.1453        -42.1128        -39.1575        -40.9219        -42.4498       
-42.2065        -41.4184        -40.7734        -38.889         -49.3934        -41.6214        -44.8031        -45.5333        -44.8091        -42.5137       
-45.5816        -45.9501        -44.0255        -40.9378        -45.5516        -49.3703        -41.3506        -46.9934        -44.8432        -43.4817       
-42.1886        -43.9002        -41.9098        -39.9546        -43.5919        -42.3503        -39.3567        -40.574         -43.4944        -40.6944       
-41.7306        -39.64          -41.9958        -42.8114        -43.9457        -44.2977        -41.8236        -38.8085        -48.6453        -41.4256       
-42.7497        -41.827         -43.372         -43.5866        -39.0547        -44.723         -42.3444        -40.4982        -47.4525        -40.4888       
-41.127         -40.7194        -47.3841        -40.6015        -47.9487        -51.1168        -40.7193        -41.4172        -46.6043        -39.9782       
-43.715         -40.5988        -44.6388        -40.6895        -39.5312        -41.8687        -41.8777        -40.4605        -42.3064        -51.5168       
-42.9574        -48.0946        -50.4208        -43.4356        -42.3244        -44.6935        -46.0518        -45.3681        -43.1442        -40.4763       
-43.9811        -40.7658        -44.1851        -45.2441        -41.4354        -39.1381        -46.6073        -41.863         -40.7778        -43.5087       
-45.8036        -39.7449        -38.4398        -44.6496        -40.2094        -47.0842        -56.8107        -42.204         -44.7606        -41.5033       
-47.7992        -41.9401        -45.5289        -42.4352        -44.0014        -44.8872        -39.8224        -45.7086        -42.4319        -43.0607       
-40.9312        -40.6256        -41.8469        -45.1327        -44.6806        -51.3534        -42.7461        -39.8685        -38.3035        -44.727       
-43.0186        -44.275         -43.5501        -40.2949        -43.1003        -40.7445        -44.1557        -39.492         -43.6472        -41.2213       
-41.8611        -42.9066        -49.8558        -43.3496        -43.5626        -44.0234        -43.5653        -42.3395        -39.2272        -41.8626       
-42.6184        -49.5738        -41.2711        -42.5086        -47.0237        -45.5328        -41.9707        -45.662         -44.3224        -40.6664       
-42.9226        -40.3284        -41.1393        -40.9967        -40.7263        -40.6815        -43.469         -44.837         -41.2141        -40.9876       
-40.3499        -39.8021        -39.6628        -37.5736        -42.6077        -41.2221        -48.8587        -39.7792        -44.5117        -43.2946       
-39.983         -40.7375        -42.5122        -43.9609        -44.021         -41.1113        -40.8244        -41.923         -45.7385        -40.3977       
-47.2519        -42.0178        -43.7487        -44.711         -40.3139        -42.7462        -39.5644        -52.1173        -42.4444        -42.6183       
-40.5708        -40.7988        -39.781         -40.1889        -40.974         -45.4069        -41.2882        -45.1419        -40.0477        -39.5532       
-41.0075        -44.9251        -41.7292        -41.1273        -44.5375        -39.5939        -42.1628        -42.5305        -43.6036        -47.4727       
-45.0237        -48.6199        -40.447         -42.6988        -44.7882        -39.2914        -49.9866        -45.5833        -42.2968        -44.0377       
-43.4911        -42.7282        -45.78          -43.798         -41.5918        -50.0273        -51.7644        -42.1831        -46.2088        -41.4587       
-47.0521        -41.0871        -41.6277        -46.6329        -43.0563        -45.7911        -42.0165        -40.2378        -39.981         -44.5946       
-47.415         -59.0546        -42.8455        -39.6149        -49.2313        -40.1713        -42.6404        -41.806         -40.7645        -43.7434       
-42.2888        -43.4286        -48.4577        -40.9085        -40.5871        -44.6955        -43.0352        -43.6336        -42.6422        -41.6895       
-42.024         -39.9154        -40.5197        -40.0095        -40.8811        -39.554         -47.2189        -40.1911        -40.6629        -42.3023       
-48.0132        -46.0839        -41.2746        -46.5957        -44.2049        -46.8318        -40.8207        -42.5879        -43.0241        -43.1655       
-42.51          -43.1982        -49.405         -42.3015        -46.5998        -43.9382        -43.2576        -43.2021        -45.2107        -41.6469       
-48.1961        -41.8653        -42.24          -43.2784        -41.3146        -42.6956        -39.3162        -45.5625        -40.4005        -42.8274       
-44.0799        -41.2573        -43.0095        -41.6413        -42.8392        -44.6287        -38.7909        -43.3579        -43.5025        -41.21       
-51.5926        -43.2406        -46.0295        -44.0554        -45.1922        -44.0333        -40.6993        -43.1379        -41.4838        -50.0171       
-45.0639        -39.8447        -43.7461        -45.0848        -42.6512        -40.1085        -40.685         -44.716         -41.6511        -48.741       
-39.789         -43.8665        -40.8533        -41.5424        -42.6164        -43.7378        -45.0693        -40.421         -49.0946        -39.771       
-46.3803        -40.6078        -46.7054        -39.011         -46.7585        -43.8029        -43.7997        -40.9049        -38.6035        -44.8724       
-40.3066        -41.7791        -44.1317        -46.2396        -41.125         -37.5597        -43.6854        -41.3328        -44.1982        -44.7033       
-46.8906        -42.8498        -40.6528        -39.3787        -44.4181        -38.5828        -41.3299        -40.9612        -45.6203        -40.6966       
-43.0494        -39.4878        -38.5983        -40.0882        -43.2655        -44.9834        -40.5029        -41.8136        -40.6362        -46.3772       
-40.0814        -40.7764        -43.854         -43.8606        -40.1191        -40.6863        -50.5647        -42.6312        -37.8005        -45.3592       
-41.6794        -41.1798        -43.7835        -40.8923        -43.3502        -42.0707        -48.495         -55.6025        -42.14          -49.4348       
-40.6731        -42.1994        -42.3971        -40.5422        -39.1983        -44.0243        -42.0929        -42.154         -48.0047        -43.3513       
-41.5242        -43.981         -42.4219        -48.2379        -46.0169        -41.6248        -40.1572        -44.7468        -42.6375        -41.542       
-41.0121        -44.619         -40.2505        -39.3399        -39.7201        -44.0442        -43.4301        -42.7208        -44.0322        -40.4522       
-44.1307        -43.1024        -49.2184        -40.4686        -40.0163        -46.9601        -49.6667        -48.9426        -43.1168        -39.9442       
-44.2849        -42.8945        -40.5336        -43.2378        -47.7603        -39.3973        -41.1479        -41.6247        -41.9262        -42.801       
-39.6401        -42.6769        -41.0673        -39.6447        -40.9406        -46.0561        -45.8731        -43.3351        -48.3146        -45.6495       
-46.2832        -44.192         -44.3748        -40.5834        -41.6752        -40.6395        -43.8524        -43.3617        -40.9944        -48.5038       
-41.5871        -46.5658        -39.7031        -38.8097        -49.9753        -40.6778        -42.0177        -41.152         -43.9565        -42.9222       
-47.6236        -40.5632        -41.7216        -44.8958        -43.5825        -39.5367        -38.6917        -40.8987        -46.7969        -56.3221       
-41.2492        -41.0715        -48.211         -44.0014        -43.3822        -47.9441        -46.0538        -46.4874        -37.4233        -44.1214       
-42.6561        -42.7861        -41.101         -43.3137        -39.0157        -44.0457        -38.6917        -44.7874        -42.2119        -46.2082       
-40.4048        -42.0045        -40.8492        -41.7176        -42.8924        -41.1768        -43.5745        -49.6032        -42.2538        -42.6224       
-39.6767        -43.1765        -46.209         -47.9021        -40.3882        -53.7255        -41.6447        -45.1332        -40.8281        -39.16       
-44.3168        -40.3507        -49.4331        -40.2319        -44.9051        -39.0794        -41.6434        -43.4767        -41.7217        -42.1722       
-43.4615        -48.553         -44.3449        -44.9458        -39.5166        -46.1012        -38.7005        -42.1701        -46.1569        -41.6193       
-40.4219        -43.5234        -40.0208        -45.273         -41.1261        -40.5922        -43.0978        -44.4015        -46.1876        -47.4473       
-38.4672        -48.0123        -42.3485        -46.459         -43.9633        -41.667         -38.3613        -43.4669        -43.0999        -38.95       
-42.5877        -40.8449        -39.5248        -41.7389        -44.5159        -41.236         -46.8487        -43.1544        -41.4753        -44.2802       
-47.0916        -41.057         -42.7595        -45.6577        -43.7898        -42.1882        -39.2472        -41.9879        -39.8191        -40.945       
-47.2909        -40.4425        -42.8822        -40.1142        -43.3266        -43.6575        -40.7016        -39.8905        -40.6912        -43.5534       
-40.038         -40.5744        -41.2537        -40.2124        -47.4358        -40.7786        -40.9127        -44.1512        -45.2297        -42.1533       
-42.7921        -43.5307        -49.1577        -40.2873        -41.2824        -41.3915        -40.1247        -42.7608        -43.2321        -43.6952       
-48.2373        -43.1944        -44.424         -44.2364        -41.282         -42.3485        -40.0059        -43.146         -40.9924        -48.1111       
-44.2616        -46.6314        -41.3325        -43.8099        -39.8946        -41.111         -40.6543        -42.3427        -43.5801        -41.7081       
-43.3736        -41.7437        -44.5955        -47.8652        -53.1822        -40.7317        -40.7712        -43.4324        -43.5168        -40.9542       
-39.3998        -42.5379        -39.7668        -38.155         -41.5027        -48.1963        -42.8395        -43.1424        -47.5517        -40.8831       
-41.4341        -40.8257        -42.7229        -39.6184        -43.5223        -45.9918        -43.2901        -41.333         -47.5884        -52.8033       
-47.672         -40.9072        -43.7582        -45.4843        -42.126         -41.4218        -43.9436        -42.7582        -41.135         -40.8701       
-52.5509        -46.9153        -39.8792        -45.5059        -47.8051        -42.3605        -41.1803        -42.9052        -41.616         -49.1617       
-52.0552        -44.331         -38.967         -42.4329        -42.1633        -45.1348        -39.7708        -45.4609        -47.0259        -53.2273       
-47.9133        -40.2236        -44.1713        -42.503         -41.4864        -43.2379        -41.7005        -42.2148        -40.3058        -41.8574       
-40.9159        -41.8705        -39.1413        -41.1671        -41.4746        -40.7673        -42.533         -41.0893        -40.167         -43.3838       
-40.9733        -40.4747        -42.1824        -41.4034        -48.6466        -46.6555        -55.6581        -42.2668        -45.6301        -45.8771       
-42.8478        -40.4778        -45.0045        -41.3462        -44.6215        -40.077         -43.4827        -44.5507        -49.6997        -41.5718       
-42.612         -41.8066        -40.3585        -43.9193        -42.2775        -40.2927        -46.3181        -47.2833        -41.8121        -41.6648       
-44.4029        -39.3843        -42.8116        -40.8231        -40.3992        -43.1624        -41.8962        -47.8948        -43.4875        -40.7369       
-44.2281        -44.5897        -41.1849        -39.4186        -43.2548        -38.4677        -43.7285        -41.5395        -40.3523        -41.8194       
-41.7212        -42.5088        -42.8263        -41.3336        -45.6156        -42.138         -45.8576        -44.1871        -48.99          -41.5957       
-42.5453        -46.5601        -44.2229        -42.9547        -45.7088        -40.5581        -45.0597        -42.4019        -44.4662        -45.4438       
-46.6819        -38.5877        -41.3135        -44.6566        -42.1679        -41.6442        -39.3859        -43.673         -43.2703        -54.0707       
-45.8406        -42.3136        -51.6161        -41.4149        -48.3458        -45.9245        -41.2048        -43.1971        -43.8858        -41.2839       
-38.4561        -42.2211        -42.4647        -51.3208        -40.6642        -41.0041        -42.9488        -41.2298        -45.085         -40.8019       
-43.4           -40.9858        -41.4661        -41.1148        -39.5211        -48.5602        -42.1107        -48.3475        -43.1002        -41.1929       
-38.6067        -42.482         -42.155         -39.4117        -44.1843        -45.5716        -40.7959        -40.8838        -41.8264        -47.1375       
-41.0672        -41.2679        -45.1402        -43.5233        -42.5089        -42.2803        -43.8083        -40.9949        -46.0325        -49.5457       
-40.2599        -47.3795        -39.648         -40.7304        -49.4086        -41.6886        -42.1271        -41.3244        -40.0741        -40.9252       
-41.7867        -42.7785        -39.6698        -44.4497        -49.5955        -42.1188        -43.3345        -42.8578        -45.2827        -40.8668       
-41.5024        -41.6614        -41.2294        -41.4273        -43.0111        -42.4662        -45.9659        -43.15          -40.4826        -44.7762       
-39.6897        -42.6386        -41.5079        -42.3894        -44.2698        -43.9174        -41.6595        -42.5238        -41.898         -41.1562       
-40.5602        -44.6147        -45.9919        -46.7976        -39.5898        -39.2846        -43.4022        -42.816         -45.0418        -48.4499       
-41.0058        -41.7415        -48.5156        -39.6228        -41.6596        -40.3782        -46.6787        -40.3987        -39.8715        -43.3613       
-47.9421        -41.6608        -43.7582        -44.133         -43.633         -41.03          -41.6698        -40.7606        -41.6129        -43.1833       
-42.1214        -43.3788        -41.4587        -43.6168        -42.1723        -38.9693        -43.2784        -42.5126        -41.6947        -43.7438       
-44.1755        -41.1867        -42.1036        -41.2757        -46.2392        -43.9543        -43.7044        -45.4152        -41.0585        -38.8025       
-44.2552        -54.7269        -40.7279        -45.7476        -40.3757        -41.9883        -39.7847        -43.2327        -40.0538        -44.5563       
-41.4824        -46.5812        -40.2273        -42.32          -38.962         -41.8997        -38.9512        -46.9292        -42.2783        -43.0967       
-43.5951        -41.8593        -41.7563        -42.3648        -47.3278        -42.3591        -41.4237        -45.9951        -43.2823        -41.6602       
-40.6783        -43.3988        -42.5852        -41.8682        -44.9237        -39.2882        -38.9528        -45.8155        -46.1675        -45.7572       
-39.5097        -42.87          -47.2576        -43.0143        -41.025         -42.5813        -43.5343        -40.6562        -44.217         -42.5597       
-42.4751        -40.1899        -45.3407        -41.1084        -47.2429        -39.6196        -40.318         -43.444         -42.0718        -43.774       
-42.8187        -48.1328        -41.7449        -42.5098        -46.204         -41.3502        -42.305         -42.5753        -43.0199        -44.5257       
-49.9707        -45.4428        -42.4786        -40.1341        -39.5371        -43.773         -49.0727        -44.2335        -39.7626        -41.7984       
-45.8566        -47.0389        -38.8277        -42.4005        -41.7799        -45.2941        -50.3335        -40.9709        -41.4128        -44.1037       
-39.429         -40.0308        -41.1896        -40.37          -39.0963        -41.4512        -40.8346        -48.4948        -47.9657        -42.0029       
-44.0692        -39.958         -43.591         -43.3423        -44.3047        -43.3843        -41.4805        -39.4252        -37.9888        -42.6524       
-40.9326        -44.2223        -47.9066        -47.7988        -41.7185        -41.4958        -42.9403        -42.6231        -45.8152        -41.2688       
-39.3973        -42.5495        -42.2468        -37.3645        -46.835         -45.9894        -46.5425        -46.3938        -47.0787        -45.2917       
-44.9605        -39.3862        -42.8129        -41.9287        -41.1506        -40.7163        -41.8161        -47.4044        -42.7385        -42.7875       
-45.1971        -44.778         -40.2365        -43.3258        -43.1542        -43.8518        -38.7576        -40.4197        -41.2816        -45.2722       
-39.5393        -41.7891        -41.4173        -39.4315        -39.7311        -44.2384        -41.1486        -39.8365        -38.9844        -42.4218       
-41.9937        -46.4977        -42.8838        -44.0329        -38.9733        -40.0776        -41.5447        -43.6165        -46.7497        -40.0617       
-45.5643        -41.0733        -40.4032        -40.9172        -49.0551        -40.8727        -41.3331        -46.8803        -47.5537        -38.9921       
-39.9661        -44.6078        -42.181         -49.3892        -49.6361        -44.5508        -39.2054        -40.878         -42.7517        -43.5363       
-39.0094        -42.0129        -50.8128        -39.2451        -41.3905        -49.8517        -47.5917        -38.3868        -45.6025        -42.2302       
-41.0788        -42.0015        -38.082         -43.9565        -49.8125        -45.0065        -43.2387        -43.3187        -41.1131        -56.4927       
-43.9025        -41.5793        -44.1241        -41.5753        -42.6381        -40.1362        -40.3754        -46.6012        -39.3233        -40.6259       
-42.8169        -38.8465        -50.4415        -46.0022        -39.5448        -44.9328        -42.2278        -42.4859        -40.5851        -45.0016       
-41.6818        -43.5832        -40.7124        -44.5902        -39.8161        -40.7736        -43.8923        -44.9988        -43.9368        -41.8514       
-38.631         -46.6106        -43.2051        -43.3226        -42.8448        -45.4582        -43.2663        -42.5582        -43.2915        -41.5432       
-40.3775        -42.7863        -45.664         -41.6548        -40.1694        -43.1594        -40.232         -46.0779        -41.9595        -44.7952       
-43.9465        -39.2444        -40.6904        -42.253         -45.4976        -40.2012        -45.1146        -41.761         -44.7293        -40.7402       
-41.6478        -45.2089        -42.6445        -45.8923        -43.8919        -42.6007        -44.2045        -43.267         -38.9327        -40.1844       
-45.6342        -41.2497        -42.0602        -42.2148        -41.4118        -42.2127        -45.0553        -45.0531        -44.9917        -42.4929       
-43.6876        -44.1315        -40.4574        -40.9095        -40.3853        -39.9388        -43.3272        -44.7709        -43.9278        -44.4516       
-40.2829        -39.3841        -41.0335        -40.4227        -43.176         -38.5763        -38.9286        -41.5712        -40.0623        -41.1115       
-42.0337        -41.7054        -43.2369        -38.464         -39.7475        -41.8646        -40.7011        -42.2809        -43.6656        -44.4554       
-43.167         -43.8662        -40.5813        -43.5228        -41.4417        -39.6379        -43.7855        -41.2449        -41.6636        -44.1388       
-45.9971        -39.3743        -43.2535        -41.8099        -42.8732        -41.988         -38.0092        -40.7022        -44.3612        -46.5666       
-44.6563        -40.7612        -49.0152        -42.6434        -38.2841        -42.5887        -43.2576        -45.9191        -40.5972        -42.6298       
-45.998         -38.9814        -37.9653        -43.4576        -43.2399        -42.0174        -47.0904        -47.1744        -43.2266        -44.0565       
-39.8111        -43.7283        -47.8831        -45.7746        -40.3397        -41.7383        -40.5303        -46.8545        -42.6127        -41.0459       
-42.4813        -43.5976        -43.6755        -45.5972        -40.0459        -54.3365        -46.8885        -41.2664        -42.7563        -45.4021       
-41.6789        -46.2707        -46.5227        -47.7934        -41.1203        -45.1136        -39.1916        -40.807         -39.8809        -42.5306       
-42.588         -40.7013        -39.7677        -41.5115        -42.7735        -50.9121        -42.6557        -42.3059        -41.8226        -40.4692       
-39.411         -40.1805        -41.9464        -46.5762        -41.1267        -42.371         -40.3172        -40.9855        -43.9525        -40.9167       
-39.7035        -41.2534        -42.1901        -41.6652        -40.0237        -45.4744        -45.6245        -50.4942        -41.9648        -42.4961       
-42.6105        -44.2846        -42.5226        -43.4242        -41.8313        -42.5363        -44.3645        -43.2955        -41.2523        -42.3118       
-41.7709        -43.5053        -42.9912        -45.6361        -41.7445        -43.8877        -42.9531        -41.6978        -40.0871        -43.2349       
-40.4325        -40.0698        -42.6843        -40.6147        -41.7257        -42.2947        -41.8802        -45.6922        -39.3083        -43.8182       
-41.805         -42.2902        -42.563         -44.4614        -41.9994        -50.3033        -43.5684        -41.7573        -42.1963        -42.5191       
-40.7924        -45.5078        -41.7081        -37.9495        -40.4217        -40.1037        -42.0329        -48.1404        -44.6014        -39.5456       
-50.0229        -46.5641        -43.7292        -43.7399        -44.3384        -41.8396        -44.2375        -44.9703        -44.2229        -42.9177       
-39.7566        -42.1362        -44.9676        -40.6371        -38.4954        -39.5665        -42.0673        -43.9913        -46.7144        -41.9319       
-41.6104        -45.0868        -41.7262        -42.1358        -44.1887        -43.2528        -42.5381        -41.9571        -47.7727        -44.8442       
-46.7921        -40.9198        -45.4883        -39.7276        -48.6045        -43.9014        -42.9608        -40.3607        -40.0643        -41.6133       
-41.9467        -40.2184        -40.475         -40.4181        -46.4135        -46.3977        -38.732         -41.4397        -38.9478        -40.7492       
-46.1165        -41.4192        -41.2026        -43.6987        -44.7849        -44.8315        -40.3135        -40.5325        -40.2218        -42.0504       
-43.9077        -41.6761        -42.8338        -41.9306        -42.301         -41.2309        -42.5814        -42.719         -43.8238        -43.9286       
-42.0271        -43.505         -39.9781        -45.2889        -43.5892        -41.6937        -44.726         -42.989         -45.4973        -42.7189       
-45.82          -41.8429        -44.0846        -41.3685        -39.5293        -39.4509        -38.8885        -38.1396        -45.8698        -44.3163       
-50.3851        -49.7902        -43.8452        -41.5718        -41.246         -41.7618        -44.4901        -43.4513        -44.1237        -41.4589       
-46.7488        -40.8879        -42.076         -40.2727        -38.3506        -40.0268        -48.1121        -41.2427        -37.8591        -44.3168       
-38.8684        -45.6283        -46.5795        -42.41          -43.7095        -41.743         -51.0415        -41.9064        -42.0401        -44.7468       
-45.6554        -48.3485        -42.1124        -46.3994        -44.9565        -41.757         -42.7843        -48.056         -39.667         -44.0111       
-39.3009        -42.2178        -45.8208        -39.5979        -39.9532        -43.3012        -38.418         -39.8532        -44.6484        -40.1141       
-46.4883        -41.8631        -41.8206        -42.0249        -45.4473        -45.7778        -42.1451        -46.7563        -40.9766        -43.3764       
-40.5176        -45.4755        -41.6583        -42.5102        -51.4421        -45.3739        -47.3535        -39.9239        -41.5935        -42.4702       
-42.9371        -40.2172        -46.447         -41.2729        -40.8184        -41.9262        -44.4495        -43.4885        -46.1282        -40.2399       
-40.8171        -39.4369        -45.7215        -47.0688        -42.742         -41.504         -42.1321        -39.5357        -42.363         -46.4436       
-41.4674        -44.5813        -38.7154        -43.1269        -40.815         -43.6649        -42.0579        -42.7157        -40.2647        -39.1583       
-46.51          -44.2519        -39.8617        -46.9136        -40.6205        -44.739         -38.8569        -43.5477        -42.4589        -38.9013       
-45.2205        -39.8586        -42.855         -48.3976        -41.4891        -43.964         -47.2536        -42.6084        -40.6937        -41.771       
-47.8753        -42.042         -44.6311        -42.7482        -40.6371        -43.8793        -43.2963        -41.1718        -49.1372        -45.9358       
-41.7672        -42.0497        -45.2922        -42.0732        -44.9432        -38.1791        -44.196         -53.6229        -41.5826        -41.0456       
-40.5629        -44.4392        -39.7065        -39.6043        -39.4018        -41.4778        -41.6715        -41.9486        -40.8583        -41.1796       
-42.975         -39.6985        -40.7917        -42.1101        -40.4819        -41.8915        -49.3823        -46.0658        -41.5424        -45.5374       
-45.2441        -41.7812        -40.0304        -42.6188        -40.4957        -41.4309        -39.4927        -47.3307        -43.0452        -41.1903       
-43.7781        -43.8359        -44.8603        -39.9561        -39.845         -40.3736        -43.2625        -48.8062        -39.5689        -41.3979       
-41.26          -44.7252        -41.974         -41.8458        -42.7398        -39.6231        -40.3308        -42.973         -43.664         -48.4124       
-44.2187        -43.6813        -42.699         -39.8974        -44.2818        -41.6565        -47.5128        -40.8691        -42.5534        -42.9862       
-41.7952        -44.5158        -42.0031        -41.0211        -41.22          -42.6171        -40.305         -41.028         -47.9026        -39.853       
-44.4734        -39.5064        -41.2004        -48.1219        -40.2441        -49.6715        -41.9343        -46.4704        -44.1435        -44.081       
-38.8619        -45.1657        -43.3159        -40.9856        -41.3319        -41.88          -38.3523        -39.9821        -40.2469        -45.9855       
-44.3344        -42.0281        -46.5376        -41.4517        -43.5651        -39.4354        -45.6858        -39.8408        -44.1806        -41.6464       
-43.0312        -43.4053        -43.2704        -43.3285        -48.4153        -44.9112        -39.9095        -45.8954        -46.8875        -40.8351       
-39.9372        -41.8424        -43.1686        -40.0825        -41.3895        -44.4464        -44.7188        -41.1898        -41.1591        -42.6913       
-39.2902        -40.1623        -43.866         -41.4669        -41.6248        -40.5113        -40.947         -39.1211        -52.6674        -43.673       
-42.4313        -42.2274        -48.5951        -39.5733        -44.2582        -41.9202        -39.5033        -46.9013        -40.1659        -44.1348       
-41.2558        -54.0375        -40.719         -41.5849        -42.8307        -45.7951        -47.3554        -47.4205        -44.5635        -40.3054       
-45.5943        -42.3569        -40.8556        -46.3899        -44.0481        -42.2137        -40.7397        -46.5954        -39.3901        -42.4746       
-41.007         -40.7142        -42.891         -40.8641        -40.001         -46.2308        -41.3969        -39.8061        -42.3135        -44.8509       
-40.104         -42.73          -43.5578        -42.4467        -40.6684        -41.0449        -53.3921        -42.9709        -41.2505        -44.5649       
-41.7396        -41.4277        -44.7574        -41.5608        -41.8177        -43.1765        -46.4133        -43.8393        -51.0369        -43.0219       
-46.0716        -49.9631        -38.6416        -42.8454        -42.9543        -42.4193        -38.9644        -39.4121        -42.0334        -40.9464       
-43.5478        -53.7537        -43.2441        -39.6486        -40.2935        -50.3162        -40.2926        -43.282         -40.9387        -41.2661       
-39.1652        -45.2739        -44.7368        -40.4388        -47.1673        -40.4753        -46.4397        -38.3716        -38.8699        -40.2457       
-39.7643        -38.0224        -38.102         -37.5955        -40.0472        -38.5361        -37.2479        -40.1439        -40.5287        -44.2256       
-38.1286        -39.1452        -40.7185        -40.0137        -37.7724        -40.1443        -38.3555        -40.1096        -39.3657        -36.1202       
-35.9877        -37.3403        -34.828         -37.3963        -34.0199        -33.6945        -33.2105        -31.7588        -30.5836        -29.0258       
-25.8926        -15.2097        -26.3822        -29.0567        -31.1884        -31.4447        -33.0218        -33.2656        -34.4333        -35.8964       
-35.5533        -36.1173        -35.097         -36.837         -37.186         -38.4175        -38.3995        -39.7185        -36.9426        -42.127       
-38.7878        -38.4914        -37.9266        -37.4109        -40.1458        -40.9478        -38.9248        -39.2375        -39.8946        -38.9471       
-41.4957        -38.0374        -47.6176        -39.6661        -40.5485        -38.8307        -42.1155        -39.8956        -40.5246        -45.2121       
-39.8956        -43.5914        -42.5048        -46.9046        -39.4055        -40.1373        -41.1836        -39.7302        -38.4966        -42.4536       
-39.1294        -40.7693        -39.9223        -40.0465        -44.3791        -42.5072        -42.9607        -43.7497        -41.2252        -44.8983       
-44.0838        -49.4177        -43.1278        -40.8228        -43.0589        -58.8723        -39.8008        -45.099         -41.4615        -39.2919       
-42.1133        -42.2922        -39.9891        -42.5339        -41.0738        -40.5365        -40.1018        -39.3492        -45.203         -44.5306       
-43.4789        -42.0943        -43.0201        -41.0109        -43.4378        -46.2283        -40.143         -39.7869        -41.8143        -38.1764       
-45.976         -42.9288        -41.7448        -45.5819        -41.179         -44.1489        -45.1716        -40.5076        -46.9109        -41.2611       
-38.8706        -40.9354        -41.3954        -42.1649        -44.5538        -45.2672        -42.6902        -44.7869        -40.5627        -39.0823       
-47.9524        -40.5144        -45.4915        -45.4338        -39.1928        -46.0467        -39.6691        -39.9969        -40.4199        -44.273       
-39.8487        -40.9739        -41.8466        -41.007         -44.9581        -42.0576        -41.8357        -42.8562        -43.145         -41.2871       
-41.1897        -45.3442        -41.108         -41.3466        -40.7634        -42.9445        -45.7924        -42.3059        -38.5172        -43.5692       
-42.8869        -43.618         -44.1591        -40.3085        -38.8135        -41.7414        -46.0123        -45.8199        -41.2324        -42.9825       
-40.9571        -46.6293        -46.2929        -42.1706        -40.7617        -46.6235        -43.1028        -44.1103        -44.6392        -40.2551       
-42.6403        -39.8692        -45.4889        -40.7011        -44.4388        -42.1255        -42.2825        -39.1773        -38.8564        -42.0164       
-40.3787        -42.2102        -45.5058        -47.0672        -38.7908        -41.1426        -44.1373        -38.8827        -47.9822        -40.227       
-41.95          -41.8769        -44.0597        -42.145         -45.18          -41.338         -39.924         -38.4317        -40.4843        -39.7918       
-44.5223        -41.7569        -44.164         -39.6628        -41.3296        -41.2821        -43.8321        -43.5041        -40.4662        -40.3821       
-44.2322        -42.914         -43.8846        -43.0362        -48.2727        -44.5785        -41.7685        -42.4079        -39.966         -37.9974       
-42.3736        -43.8521        -39.4192        -48.6034        -42.3849        -40.4262        -43.9416        -42.9672        -50.0808        -42.2277       
-42.5872        -43.5455        -41.6382        -40.859         -39.7821        -51.1372        -39.9681        -44.5766        -41.7335        -41.7771       
-42.096         -42.0714        -41.9972        -41.2714        -42.7508        -41.518         -41.2731        -41.7777        -43.3789        -37.339       
-42.5099        -43.8744        -41.6118        -40.4502        -42.6492        -43.8765        -44.7281        -42.512         -45.0204        -40.6549       
-41.5036        -46.6449        -38.5075        -43.9711        -44.2191        -41.4247        -47.2506        -40.5983        -43.5346        -46.0439       
-47.7581        -42.1266        -40.1468        -49.9883        -39.9417        -38.68          -40.1041        -46.0704        -45.8322        -41.9297       
-39.0342        -43.9591        -41.5251        -42.6726        -39.696         -44.2486        -41.7145        -45.613         -40.869         -42.702       
-42.465         -46.3348        -42.6198        -41.2977        -45.1045        -43.351         -39.091         -40.7152        -43.5619        -38.953       
-41.7163        -40.8869        -42.4501        -48.0743        -40.2262        -43.2802        -40.7384        -41.2103        -42.7109        -44.6817       
-42.9645        -40.6711        -40.7638        -39.9356        -46.3269        -43.6606        -43.8943        -47.1068        -41.285         -39.6219       
-40.9764        -42.9029        -48.7889        -39.899         -41.877         -43.7626        -49.1678        -42.3179        -47.8997        -44.0842       
-47.6491        -40.4863        -48.4684        -40.3253        -41.8401        -40.2863        -43.6942        -42.6743        -45.7265        -41.204       
-45.0506        -40.2802        -42.0416        -41.3433        -46.0754        -45.6111        -39.6412        -41.3472        -43.4182        -40.6942       
-42.0668        -40.7698        -40.2873        -39.9047        -42.4935        -51.4985        -41.4588        -40.4698        -39.5565        -41.3326       
-41.3489        -43.6131        -43.6986        -39.5988        -39.4837        -39.2561        -41.7186        -49.9613        -42.7225        -41.0245       
-42.9404        -41.7445        -42.3451        -40.442         -43.2056        -40.792         -45.5179        -43.5829        -46.1953        -40.3435       
-40.8833        -39.3383        -50.4664        -44.719         -40.9218        -42.0596        -45.904         -42.1489        -42.794         -40.9346       
-38.7654        -40.7751        -46.2321        -42.7337        -40.672         -39.315         -45.5433        -43.2346        -41.4769        -43.5921       
-40.637         -51.8681        -39.9299        -41.4885        -40.5487        -40.118         -40.35          -44.5056        -40.7083        -42.6493       
-37.9517        -41.6771        -41.8769        -43.4429        -41.3011        -42.4707        -44.6869        -40.5365        -40.0967        -39.8164       
-44.0531        -47.1827        -43.7435        -43.6484        -43.1004        -46.6037        -44.2782        -42.4026        -39.285         -43.4047       
-42.6521        -46.0362        -45.294         -44.2571        -42.9771        -42.1166        -42.9389        -39.3381        -41.977         -42.3099       
-46.1585        -41.9804        -44.2584        -46.9449        -40.3382        -41.1475        -41.9422        -43.2409        -43.4387        -47.2936       
-43.4153        -45.6443        -40.5618        -44.3322        -44.9009        -39.3495        -42.9814        -45.867         -40.6346        -49.3086       
-52.5619        -43.8899        -41.4017        -44.7099        -43.1884        -45.0463        -38.4622        -42.4461        -39.37          -44.6962       
-45.7748        -46.2341        -40.5788        -40.7997        -42.5503        -40.0043        -43.0032        -49.5531        -43.762         -44.0498       
-46.989         -44.4968        -42.0851        -39.959         -39.931         -41.4338        -53.9118        -43.6725        -42.4916        -45.4217       
-45.0641        -40.114         -44.7596        -43.164         -39.1991        -42.6304        -46.2627        -39.4235        -42.5751        -46.219       
-42.6813        -40.8166        -41.686         -46.5634        -43.5772        -45.94          -47.0387        -45.7055        -37.6318        -42.3431       
-44.3284        -41.7824        -44.2397        -41.5806        -42.1944        -40.9779        -41.3172        -39.2541        -40.1546        -42.0423       
-42.407         -42.4046        -46.7527        -42.3537        -45.7096        -44.9174        -45.2948        -41.9434        -41.6943        -43.2028       
-40.2623        -40.834         -39.9984        -46.4423        -41.2698        -40.4983        -42.0259        -39.4654        -50.1353        -41.9424       
-40.9437        -42.7051        -43.6506        -40.1479        -44.1392        -39.9174        -41.0535        -39.3407        -39.9964        -42.3885       
-40.3702        -43.6287        -41.23          -43.688         -43.3596        -41.0875        -44.0004        -45.1824        -39.7625        -41.39       
-45.2003        -41.7475        -42.5846        -39.4628        -41.2339        -38.8915        -43.398         -45.7199        -40.711         -40.196       
-42.0591        -41.6009        -41.3212        -41.8703        -45.1561        -52.4153        -43.3909        -39.1375        -41.9796        -40.7872       
-42.6967        -46.8906        -46.6441        -40.0853        -42.8283        -41.2145        -41.0645        -41.626         -43.4612        -41.1633       
-43.4692        -41.2495        -49.1878        -43.5016        -42.1315        -46.8894        -46.3706        -41.0587        -44.9157        -45.6227       
-45.5935        -43.168         -42.4297        -43.6499        -41.4005        -40.2902        -40.7948        -40.5321        -42.2165        -40.7262       
-39.9761        -48.9776        -43.5           -50.0892        -45.5071        -41.1026        -39.7617        -45.2267        -42.2848        -41.3143       
-41.9099        -40.3012        -40.9833        -47.0404        -45.3259        -40.116         -45.4224        -37.8116        -41.3328        -45.7169       
-43.0662        -46.1948        -40.8557        -48.954         -44.0205        -39.5307        -42.4858        -38.9857        -45.098         -41.2955       
-39.9063        -42.2786        -40.6609        -41.3642        -42.3396        -42.7605        -48.5436        -45.1469        -45.4855        -45.2442       
-38.3848        -38.3916        -44.863         -42.2537        -49.5594        -42.1087        -42.5597        -38.5396        -38.7771        -43.9868       
-42.8141        -41.0368        -40.7635        -45.0163        -42.9154        -42.1528        -40.3914        -43.0899        -43.8499        -41.0726       
-43.3851        -40.7547        -41.0846        -43.8724        -47.7845        -41.3982        -51.3092        -43.0887        -41.6265        -41.4894       
-41.2864        -42.1669        -43.9666        -43.5249        -42.4949        -41.0723        -42.3825        -41.2939        -41.104         -45.8681       
-42.1358        -43.0051        -40.4377        -40.4369        -42.1114        -43.1882        -41.836         -44.8298        -42.3507        -38.3101       
-43.5168        -47.2481        -43.0392        -46.8822        -40.1977        -46.7315        -42.881         -40.5698        -45.8452        -43.808       
-43.5495        -50.8619        -47.3273        -43.4082        -47.424         -40.5275        -41.5251        -40.8169        -42.3618        -37.6836       
-50.4503        -50.3485        -42.1058        -42.6065        -43.4648        -45.3416        -43.811         -43.7095        -40.5593        -40.6354       
-43.5802        -46.7144        -43.8247        -41.5736        -45.8487        -42.2113        -45.0583        -41.4632        -41.8715        -40.1898       
-44.4603        -43.9377        -40.9743        -44.9802        -43.7167        -41.2735        -43.183         -44.1786        -47.2636        -50.6856       
-40.0487        -42.8107        -47.4306        -44.8252        -45.4529        -42.4044        -40.599         -44.683         -44.9606        -39.3992       
-41.2303        -40.9451        -49.2367        -45.1924        -46.1097        -39.2064        -43.9753        -42.4134        -42.4544        -47.5597       
-41.2887        -40.2889        -43.7275        -44.524         -39.4624        -45.6479        -43.7504        -40.1794        -41.0438        -48.4258       
-42.1406        -44.1241        -40.5572        -41.3588        -49.0248        -45.8446        -41.982         -42.0539        -42.5256        -41.4245       
-40.6487        -41.1731        -39.7375        -39.9742        -43.3052        -44.8801        -45.1161        -45.7543        -43.6366        -45.4841       
-43.5393        -41.3547        -41.2502        -42.3186        -41.4976        -45.1531        -40.1868        -46.0191        -38.0641        -43.0001       
-41.5598        -41.8989        -44.1785        -48.6432        -43.6904        -41.3475        -44.5314        -43.1655        -40.3648        -42.341       
-43.6376        -45.7421        -43.4631        -44.8553        -41.9095        -47.2897        -45.937         -45.9054        -43.843         -45.2931       
-51.741         -42.9994        -41.6964        -44.8131        -44.8147        -42.6697        -44.0344        -41.006         -44.5616        -44.6392       
-40.0178        -41.216         -45.5472        -44.3154        -40.724         -45.1258        -40.9393        -40.3643        -42.9929        -42.0593       
-45.0183        -47.037         -40.939         -44.7279        -42.5941        -47.1461        -42.4113        -42.4038        -48.6847        -42.3148       
-45.4586        -43.647         -41.1693        -41.3849        -40.9019        -45.193         -41.16          -38.544         -42.1297        -40.1303       
-46.6032        -42.0341        -41.4163        -49.1833        -44.1778        -40.4776        -45.8359        -42.6033        -41.8357        -45.5423       
-48.4546        -41.613         -41.0063        -43.9234        -41.7249        -45.0643        -44.006         -39.8731        -40.3684        -41.3294       
-43.4131        -46.6594        -42.4932        -43.9043        -46.3808        -43.0407        -39.3565        -41.9467        -40.3048        -39.4717       
-43.2917        -41.3645        -45.8669        -44.3273        -41.8798        -46.482         -43.0755        -40.0988        -39.1536        -45.8487       
-43.9961        -41.0837        -44.674         -39.8485        -44.2903        -42.5393        -41.3867        -41.8763        -45.0589        -41.6566       
-43.0754        -44.117         -40.7479        -45.1813        -47.2181        -41.6843        -41.1574        -45.8541        -39.7691        -54.8027       
-44.1991        -43.23          -39.6654        -40.6471        -43.1845        -44.0072        -44.6643        -42.4706        -41.1298        -42.6423       
-42.819         -40.3473        -39.0874        -45.1835        -40.5062        -49.7871        -44.4941        -51.2415        -42.513         -45.3124       
-48.1257        -41.4732        -40.0466        -43.0525        -39.169         -43.4391        -39.7551        -44.2956        -42.7449        -39.5937       
-43.0509        -46.2839        -42.8266        -45.7753        -40.0924        -45.9458        -48.2492        -45.9627        -40.6939        -41.8473       
-38.2577        -46.9621        -41.1283        -43.4728        -44.9128        -45.5693        -43.214         -44.4912        -39.116         -42.8175       
-49.0563        -45.4359        -43.5399        -41.4305        -43.6392        -50.3073        -42.1617        -42.55          -41.194         -43.7759       
-40.9448        -44.7846        -44.5493        -42.7581        -40.881         -39.4463        -44.2183        -42.0154        -39.7967        -46.9662       
-44.1895        -40.9971        -40.764         -51.709         -39.9168        -41.3087        -38.2809        -41.807         -45.521         -44.6281       
-43.9401        -41.104         -42.4535        -40.7448        -39.8749        -44.3171        -41.1429        -52.086         -46.3177        -42.2936       
-43.5887        -40.5733        -47.3114        -53.0168        -48.2398        -41.8255        -42.7063        -39.8071        -47.3844        -44.2861       
-47.3356        -38.0334        -43.4884        -46.4213        -39.9108        -46.3488        -39.3286        -43.9021        -42.8422        -42.8415       
-43.2723        -51.4952        -40.3213        -40.4118        -49.523         -43.5122        -43.7417        -44.2318        -40.5765        -45.8169       
-43.9171        -40.1792        -46.4937        -40.7627        -40.347         -39.7816        -41.5715        -45.5652        -45.2566        -39.584       
-44.0096        -42.367         -39.7955        -40.2648        -39.7681        -44.676         -51.0696        -40.6291        -45.3329        -41.775       
-41.5614        -45.4265        -44.2095        -44.01          -42.7046        -48.4891        -42.8858        -41.918         -39.608         -40.0493       
-38.9535        -44.0918        -40.5665        -41.7198        -44.9521        -41.4435        -43.9682        -48.0244        -43.3517        -41.9002       
-40.9326        -40.8589        -43.0764        -44.1802        -42.7984        -43.1557        -41.4793        -38.909         -46.0404        -41.0508       
-44.7275        -41.9664        -48.9976        -42.0196        -42.6418        -43.0435        -42.1093        -41.0866        -40.8844        -41.1629       
-43.7407        -40.398         -44.4525        -41.7262        -39.9607        -41.2282        -40.9113        -40.479         -44.8591        -41.1977       
-46.9429        -44.7984        -47.1827        -43.4704        -40.9858        -42.5142        -39.4842        -44.1774        -40.2524        -46.9157       
-42.52          -44.9298        -43.7817        -42.2732        -43.4841        -44.0655        -46.743         -41.6666        -45.0104        -47.8059       
-41.7897        -41.447         -47.4818        -41.1601        -42.7816        -43.111         -39.9065        -42.4476        -46.5362        -49.5817       
-45.9693        -42.0481        -39.8595        -40.2003        -42.6324        -43.5241        -42.8751        -43.702         -44.2621        -46.6437       
-44.6389        -43.4759        -42.5821        -42.4012        -42.7286        -43.833         -52.6498        -42.0903        -44.0611        -40.7067       
-38.8968        -45.0787        -42.6477        -40.4508        -39.7341        -42.8868        -38.8206        -40.5805        -40.7565        -43.5553       
-39.3076        -41.9236        -41.9356        -43.1735        -42.1387        -41.2409        -39.8325        -41.1601        -41.0748        -44.2092       
-39.6928        -50.6829        -41.779         -41.4788        -42.3668        -48.1742        -45.1693        -37.6179        -40.9204        -42.8005       
-48.2708        -38.9325        -43.2293        -44.0611        -45.1934        -42.7064        -44.1048        -40.1647        -43.3231        -44.7279       
-40.9503        -41.9951        -37.9938        -40.6409        -45.5694        -42.8284        -40.5328        -41.2571        -44.1889        -40.3492       
-43.762         -47.525         -51.7428        -42.5567        -44.914         -42.4182        -40.248         -39.1709        -43.9351        -40.4163       
-40.6882        -40.9904        -40.4421        -42.1347        -44.1281        -42.986         -43.9876        -42.1546        -43.6378        -41.241       
-46.59          -48.484         -44.1778        -42.8803        -43.6017        -43.582         -42.7116        -44.2821        -41.988         -45.6191       
-44.0876        -40.5046        -40.8644        -40.986         -40.1168        -40.9346        -47.9216        -46.0685        -42.7935        -40.808       
-43.0402        -47.5172        -42.0431        -40.7118        -39.3989        -50.5041        -42.9152        -45.0269        -41.6436        -49.498       
-44.8418        -41.0463        -41.7251        -44.5995        -43.9478        -41.548         -42.5715        -40.1309        -44.0595        -44.7207       
-40.7026        -43.9759        -42.9842        -40.4567        -41.6787        -43.0727        -43.2035        -41.1037        -42.2857        -45.7686       
-46.7917        -42.8474        -41.5107        -40.0194        -46.156         -42.5914        -41.1496        -40.4558        -41.113         -37.8282       
-51.0664        -42.1739        -39.1086        -41.9086        -44.4551        -40.7127        -41.7421        -42.6609        -46.8429        -40.5613       
-45.0626        -44.5934        -41.0713        -50.6346        -44.39          -39.0789        -39.8352        -43.2167        -43.9954        -42.971       
-38.8501        -40.9322        -40.7539        -44.1942        -46.6406        -45.0462        -39.5729        -42.7827        -45.9564        -45.8899       
-43.1129        -43.7241        -48.6774        -40.4726        -41.6958        -43.2931        -41.9362        -51.1465        -42.1889        -42.1439       
-41.5475        -41.286         -45.4911        -45.251         -47.9044        -44.451         -41.3384        -40.4711        -43.9233        -40.8416       
-42.3618        -42.1685        -43.0882        -45.1136        -38.7591        -39.8504        -42.7237        -39.8613        -42.0396        -44.3105       
-42.7273        -42.4505        -46.1256        -41.1857        -44.3267        -43.2303        -40.2419        -41.5928        -47.234         -42.0517       
-41.5579        -40.0921        -40.1001        -44.2524        -42.7353        -40.4021        -44.9391        -38.8016        -40.6539        -42.7405       
-40.921         -47.2774        -41.7512        -42.7621        -42.343         -41.7552        -41.6512        -40.2021        -42.415         -46.7659       
-40.9332        -43.4438        -41.9633        -40.2995        -40.4956        -44.334         -43.0425        -39.1028        -43.5502        -39.9149       
-43.3923        -43.8001        -39.1729        -43.4713        -38.5894        -44.9793        -41.8765        -43.5877        -41.4473        -42.7253       
-44.5762        -41.3374        -40.5922        -41.9526        -42.6761        -40.6586        -39.9863        -42.8514        -42.1914        -40.8564       
-40.452         -47.1126        -38.944         -46.5107        -40.375         -39.4233        -46.4501        -43.1939        -44.1954        -43.0111       
-39.4189        -46.404         -46.3569        -42.7615        -50.3807        -38.4776        -42.8778        -45.8994        -40.4534        -44.7034       
-42.6215        -42.0393        -41.1993        -46.9743        -43.037         -44.3368        -38.1464        -43.384         -43.4908        -39.2156       
-42.9604        -42.9033        -39.2783        -43.4771        -47.2394        -45.3506        -47.1123        -40.6755        -41.0145        -43.4044       
-42.5604        -43.5518        -40.4011        -43.8821        -49.5689        -43.236         -41.314         -46.2804        -46.9774        -43.5375       
-40.8296        -39.3849        -41.7822        -42.4437        -39.4256        -43.811         -41.2041        -42.7192        -44.706         -45.1674       
-48.6271        -40.6053        -40.4454        -40.3741        -40.3699        -46.405         -41.86          -42.9593        -39.9669        -43.2322       
-41.6401        -44.1227        -40.7866        -43.8146        -43.517         -40.9533        -42.4149        -47.4916        -43.083         -48.0092       
-43.975         -41.1655        -44.2971        -45.3748        -40.3179        -44.4072        -41.4607        -53.6289        -42.3732        -43.4012       
-39.937         -46.6658        -43.127         -40.1304        -40.2487        -45.8914        -41.1642        -41.1724        -45.0487        -41.4456       
-46.4423        -45.2722        -42.1885        -42.4392        -48.4718        -45.525         -42.0522        -43.4114        -39.7534        -43.8236       
-45.5047        -40.4173        -41.9415        -39.0776        -45.7593        -45.9634        -42.6465        -43.9611        -40.5579        -43.175       
-42.8035        -40.5193        -50.2301        -40.5504        -41.6885        -42.7431        -42.8493        -41.935         -42.4395        -43.5268       
-42.1986        -41.2007        -47.4145        -42.0634        -40.2554        -45.4528        -43.03          -41.5824        -45.3405        -43.2414       
-39.6263        -39.0678        -40.9853        -43.7298        -45.1968        -44.9924        -40.3934        -41.664         -45.2457        -44.4542       
-43.8232        -40.7107        -39.8442        -43.6824        -39.9404        -39.7451        -41.1069        -45.7856        -41.0462        -45.5073       
-42.4421        -40.9668        -43.1024        -45.0951        -41.9568        -43.3907        -39.3169        -38.4672        -39.2282        -42.3876       
-39.7753        -45.0991        -44.6429        -44.4472        -41.0392        -43.8322        -41.8517        -45.7071        -44.6151        -38.4286       
-39.0593        -42.0637        -42.8043        -41.4367        -41.7077        -45.8844        -43.435         -42.4144        -40.6031        -44.9093       
-44.416         -43.8218        -40.596         -42.388         -46.2944        -43.8625        -40.8585        -40.744         -40.9497        -42.2924       
-42.6192        -41.7874        -41.3167        -41.1578        -41.6444        -45.0547        -41.8743        -43.7789        -38.2371        -43.4997       
-45.8942        -42.6471        -38.7726        -46.4151        -43.2686        -40.2566        -44.1194        -40.3421        -40.2099        -41.6102       
-45.0817        -42.3346        -46.1702        -45.5822        -46.0378        -41.496         -41.7649        -45.9621        -42.3938        -46.1938       
-43.2246        -44.5611        -40.8894        -40.9301        -46.1346        -44.0314        -47.9792        -44.0369        -42.7201        -45.1793       
-46.5025        -41.2543        -47.8564        -44.2259        -39.8818        -45.7318        -43.4308        -44.899         -39.6904        -42.9452       
-50.4824        -44.2031        -42.7684        -47.6366        -46.7695        -43.2131        -49.2589        -43.3165        -41.5673        -46.5588       
-43.3446        -41.2187        -44.6075        -43.1589        -40.0303        -42.2545        -43.9089        -41.0419        -42.727         -43.6399       
-46.1692        -44.0162        -40.2867        -40.3358        -39.1678        -47.424         -41.6086        -50.9399        -44.1159        -38.1093       
-39.8974        -43.3196        -43.0906        -37.3143        -38.5796        -46.0619        -41.6905        -45.385         -42.3908        -42.8614       
-48.1853        -39.9582        -40.0333        -47.2445        -42.8075        -42.7985        -43.5759        -46.812         -42.9631        -42.907       
-40.3937        -42.154         -42.3547        -43.4521        -41.4857        -37.3184        -41.1339        -41.3785        -42.7016        -37.8799       
-45.5212        -40.4469        -45.8943        -43.2576        -44.2224        -44.5333        -46.0459        -41.3443        -44.7814        -40.802       
-41.8912        -41.9194        -43.0413        -47.6195        -47.2604        -43.6068        -40.0557        -45.0948        -40.4035        -43.1446       
-43.3707        -40.3465        -44.3224        -43.6763        -43.6283        -41.3994        -43.4238        -42.8273        -40.688         -52.3331       
-41.9483        -45.7511        -40.3353        -43.8901        -40.7792        -41.756         -43.8196        -44.4301        -44.1091        -40.6339       
-45.4353        -42.9091        -40.3679        -42.3048        -45.1189        -39.5758        -46.9414        -43.5279        -40.5371        -40.7165       
-40.7182        -41.6623        -38.847         -40.3536        -47.3381        -42.1445        -45.7214        -44.6147        -43.6481        -41.4416       
-57.3868        -42.5442        -43.4281        -43.628         -46.7598        -39.5347        -42.528         -40.6811        -43.9661        -40.5987       
-39.9613        -44.3507        -46.2589        -44.8523        -46.1955        -43.4699        -45.3521        -47.7301        -44.6664        -48.4354       
-40.1963        -41.35          -45.6911        -41.4516        -41.0797        -43.3843        -43.3082        -42.0858        -42.3492        -39.6009       
-42.6623        -45.1966        -50.6731        -40.2208        -42.6808        -41.7128        -53.4689        -43.501         -45.9908        -41.6262       
-45.1242        -42.0501        -42.9756        -43.3222        -43.8706        -42.8133        -44.059         -40.2514        -43.6939        -40.3671       
-40.0884        -39.9805        -44.0974        -41.5472        -43.7453        -43.938         -45.465         -42.0067        -42.7239        -42.4978       
-39.2203        -42.4994        -45.04          -41.1785        -38.8693        -41.6933        -42.2273        -47.8016        -41.4625        -41.5095       
-45.5085        -44.1389        -43.5328        -39.1641        -44.9063        -42.1325        -40.5285        -42.8113        -43.0244        -40.4283       
-41.9925        -42.4241        -41.5529        -44.7918        -43.9085        -42.9461        -45.4948        -42.1441        -43.7977        -43.2951       
-44.386         -38.8067        -41.1141        -40.7645        -46.2608        -39.7622        -39.5766        -47.6213        -43.079         -40.8406       
-42.3858        -43.0265        -42.6199        -41.2763        -41.1516        -40.2443        -41.3339        -50.5991        -44.1969        -47.9899       
-43.2917        -47.9133        -45.9143        -41.3051        -44.7421        -43.7927        -48.0118        -42.2495        -46.9572        -40.1274       
-42.7599        -40.5461        -44.2537        -46.6758        -40.9633        -45.9394        -44.0943        -48.3461        -42.3826        -48.4914       
-41.4608        -44.7425        -40.96          -41.5275        -39.4511        -48.8354        -43.0321        -42.5966        -51.4144        -41.5196       
-55.2419        -46.1683        -41.0408        -41.2457        -42.4205        -44.9865        -41.8972        -44.2143        -43.1428        -40.2541       
-38.9745        -44.4241        -42.6634        -48.5676        -41.2469        -43.9371        -40.7283        -38.7476        -41.3277        -42.2074       
-42.3523        -40.5929        -41.4575        -40.7038        -42.9995        -45.9582        -42.7802        -42.5575        -42.8091        -44.7987       
-39.5186        -42.0264        -47.7928        -42.5682        -41.219         -40.9569        -40.7269        -43.196         -43.0601        -41.4567       
-48.9018        -45.3684        -42.4445        -42.1251        -46.0921        -42.663       
program finished


reading values from the .bin file...


mean = -175684 / 4096 = -42.8917
threshold = mean + 8dB = -34.8917

size of peak_mag vector = 0

        magnitude             frequency


combining the derivative and threshold approach...
data[2122-1] - data[2122] = -2.51227
data[2122] - data[2122+1] = 2.56835
data[2122-2] - data[2122] = -1.15975
data[2122] - data[2122+2] = -0.808117
data[2122-5] - data[2122] = -5.2816
data[2122] - data[2122+5] = -3.06917


nada nothing here

data[2124-1] - data[2124] = -3.37646
data[2124] - data[2124+1] = -0.325329
data[2124-2] - data[2124] = -0.808117
data[2124] - data[2124+2] = -0.809372
data[2124-5] - data[2124] = -2.10036
data[2124] - data[2124+5] = -4.99407


nada nothing here

data[2125-1] - data[2125] = -0.325329
data[2125] - data[2125+1] = -0.484043
data[2125-2] - data[2125] = -3.70179
data[2125] - data[2125+2] = -1.93573
data[2125-5] - data[2125] = -2.29319
data[2125] - data[2125+5] = -7.80199


nada nothing here

data[2126-1] - data[2126] = -0.484043
data[2126] - data[2126+1] = -1.45168
data[2126-2] - data[2126] = -0.809372
data[2126] - data[2126+2] = -2.62693
data[2126-5] - data[2126] = -4.12976
data[2126] - data[2126+5] = -18.0008


nada nothing here

data[2127-1] - data[2127] = -1.45168
data[2127] - data[2127+1] = -1.17525
data[2127-2] - data[2127] = -1.93573
data[2127] - data[2127+2] = -2.73301
data[2127-5] - data[2127] = -3.06917
data[2127] - data[2127+5] = -5.37665


nada nothing here

data[2128-1] - data[2128] = -1.17525
data[2128] - data[2128+1] = -1.55776
data[2128-2] - data[2128] = -2.62693
data[2128] - data[2128+2] = -4.69102
data[2128-5] - data[2128] = -6.81277
data[2128] - data[2128+5] = -1.52683


nada nothing here

data[2129-1] - data[2129] = -1.55776
data[2129] - data[2129+1] = -3.13325
data[2129-2] - data[2129] = -2.73301
data[2129] - data[2129+2] = -13.8161
data[2129-5] - data[2129] = -4.99407
data[2129] - data[2129+5] = 2.16261


nada nothing here

data[2130-1] - data[2130] = -3.13325
data[2130] - data[2130+1] = -10.6828
data[2130-2] - data[2130] = -4.69102
data[2130] - data[2130+2] = 0.489614
data[2130-5] - data[2130] = -7.80199
data[2130] - data[2130+5] = 5.55213


nada nothing here

data[2131-1] - data[2131] = -10.6828
data[2131] - data[2131+1] = 11.1724
data[2131-2] - data[2131] = -13.8161
data[2131] - data[2131+2] = 13.847
data[2131-5] - data[2131] = -18.0008
data[2131] - data[2131+5] = 17.812


nada nothing here

data[2132-1] - data[2132] = 11.1724
data[2132] - data[2132+1] = 2.67457
data[2132-2] - data[2132] = 0.489614
data[2132] - data[2132+2] = 4.80624
data[2132-5] - data[2132] = -5.37665
data[2132] - data[2132+5] = 6.88344


nada nothing here

data[2133-1] - data[2133] = 2.67457
data[2133] - data[2133+1] = 2.13168
data[2133-2] - data[2133] = 13.847
data[2133] - data[2133+2] = 2.38795
data[2133-5] - data[2133] = -1.52683
data[2133] - data[2133+5] = 5.37657


nada nothing here

data[2134-1] - data[2134] = 2.13168
data[2134] - data[2134+1] = 0.256275
data[2134-2] - data[2134] = 4.80624
data[2134] - data[2134+2] = 1.83335
data[2134-5] - data[2134] = 2.16261
data[2134] - data[2134+5] = 4.70798


nada nothing here

data[2135-1] - data[2135] = 0.256275
data[2135] - data[2135+1] = 1.57707
data[2135-2] - data[2135] = 2.38795
data[2135] - data[2135+2] = 1.82092
data[2135-5] - data[2135] = 5.55213
data[2135] - data[2135+5] = 4.10863


nada nothing here

data[2136-1] - data[2136] = 1.57707
data[2136] - data[2136+1] = 0.243847
data[2136-2] - data[2136] = 1.83335
data[2136] - data[2136+2] = 1.41154
data[2136-5] - data[2136] = 17.812
data[2136] - data[2136+5] = 3.0955


nada nothing here

data[2137-1] - data[2137] = 0.243847
data[2137] - data[2137+1] = 1.1677
data[2137-2] - data[2137] = 1.82092
data[2137] - data[2137+2] = 2.63079
data[2137-5] - data[2137] = 6.88344
data[2137] - data[2137+5] = 1.83136


nada nothing here

data[1967] = -39.9821   freq[1967] = -994732

program finished